[(9, 1), (-3, 20), (-4, 9), (-18, 22), (-11, 10), (24, -25), (-2, -14), (-14, 11), (13, 5), (-4, 1), (-16, 0), (3, 22), (-13, -4), (-17, 18), (22, 2), (11, 2), (24, -11), (22, 2), (3, -2), (21, 21), (10, 0), (13, 3), (-21, -13), (-21, -9), (-14, -24), (0, 9), (-3, -11), (8, -19), (-6, 9), (-5, 12), (22, -19)]

targets: ((24, -25), (24, -11))
Centre: (-222.83333333333334, -18.0)
Radius: 246.93257064317064