[(0, -14), (-1, 23), (15, -16), (-10, -19), (23, 19), (-19, 0), (23, -5), (-6, 17), (2, 15), (4, 1), (-20, 0), (-9, 7), (10, 16), (-24, -15), (-25, 7), (16, -1), (11, 21), (-4, 3), (-19, 2), (-20, -15), (-25, 23), (23, -8)]

targets: ((-10, -19), (15, -16))
Centre: (-3.309859154929577, 30.91549295774648)
Radius: 50.361834971947935