[(12, 16), (-7, 3), (-20, -3), (22, -21), (23, 8), (-19, -3), (16, -16), (12, 1), (-14, -2), (14, 2), (2, -3), (-16, -11), (19, -8), (-9, -25), (-13, 15), (14, 11)]

targets: ((-9, -25), (22, -21))
Centre: (3.984076433121019, -3.5015923566878975)
Radius: 25.115090523809563