[(12, 10), (8, -20), (13, 7), (-12, 23), (17, 15), (22, 6), (-10, -5), (14, -2), (-24, -17), (-17, -6), (-16, 20), (22, 3), (3, -20), (4, -14), (-24, -4), (-17, 23), (22, -3), (11, -21), (-13, -12), (-16, -5), (-19, 10)]

targets: ((11, -21), (22, -3))
Centre: (-5.590909090909096, 1.5000000000000018)
Radius: 27.955469312154467