[(24, -22), (-2, 21), (-19, 9), (-24, 12), (-3, -8), (2, 9), (-9, -5), (11, 5), (-6, 19), (-21, 2), (-23, 18), (16, -15), (22, 0), (19, 0), (2, 11), (-6, 9), (10, -10), (17, -13), (18, 12), (-3, 24), (-25, -20), (2, -24), (8, 2), (13, 9), (8, -22), (12, 18), (-3, 12), (-10, 24), (20, 18), (9, 3), (-21, -2)]

targets: ((2, -24), (24, -22))
Centre: (3.6267605633802815, 80.1056338028169)
Radius: 104.11834295366394