[(16, 16), (8, -14), (16, -14), (11, 2), (16, 3), (2, 5), (3, 7), (7, -23), (-10, -12), (-21, 2), (19, 15), (18, 19), (20, 24), (-2, -12), (6, 7), (24, -13), (5, -5), (-15, 8), (-23, -17), (13, -18), (-18, 7), (-9, -23), (-23, -20), (2, 11), (12, 21), (1, 0), (9, -6), (2, 2), (19, -4), (-25, -15), (-16, 16), (-20, -21), (-6, 8)]

targets: ((7, -23), (24, -13))
Centre: (-4.286324786324786, 15.636752136752134)
Radius: 40.25145640668459