[(-11, 5), (-16, 13), (-14, 20), (17, 13), (12, -6), (-18, -15), (-22, -8), (9, -3), (-2, -7), (2, -25), (5, -19), (-6, -15), (16, 19), (3, 15), (-1, -23), (-25, 3), (18, -20), (12, 17), (-24, -6), (11, -14), (4, -11), (-25, 23), (9, 21), (2, 7), (-9, 0), (9, -18), (24, 7), (15, -6)]

targets: ((2, -25), (18, -20))
Centre: (1.0714285714285714, 6.071428571428571)
Radius: 31.085300680021525