[(-25, -5), (-18, -2), (-19, -22), (20, 20), (-22, -6), (-3, -10), (19, 17), (-1, 21), (-3, 0), (-21, 11)]

targets: ((-19, -22), (-3, -10))
Centre: (-78.46428571428571, 73.95238095238093)
Radius: 112.88428006565414