[(-10, -8), (13, 14), (-22, -17), (-9, -12), (-9, 7), (24, 2), (3, 12), (13, -11), (-3, 18), (-22, 10), (-20, -4), (22, 3), (-5, -12)]

targets: ((-22, -17), (13, -11))
Centre: (-10.30719794344473, 19.875321336760926)
Radius: 38.68476371419578