[(-22, 3), (-14, 11), (-12, -15), (8, -21), (6, 20)]

targets: ((8, -21), (6, 20))
Centre: (-0.4923857868020302, -0.8654822335025382)
Radius: 21.852217783128538