[(-22, -11), (20, 15), (19, 22), (11, -25), (-6, -5), (16, -1), (-16, 2), (17, -4), (-17, -11), (0, 16), (4, -1)]

targets: ((11, -25), (17, -4))
Centre: (-148.02941176470597, 31.794117647058847)
Radius: 168.8665911467877