[(23, -6), (8, 19), (-16, 6), (-6, -6), (-6, 4), (-6, -10), (-4, 3), (11, -1), (21, -4), (-25, 17), (8, 7), (-13, 13), (-21, 18), (0, 23), (23, -5), (-25, 19), (19, 8), (-8, 14), (24, 5), (-16, 16), (-1, 13)]

targets: ((-6, -10), (23, -6))
Centre: (4.929661941112323, 17.88495092693566)
Radius: 29.950425678854867