[(-2, 2), (21, 19), (13, -7), (-2, 8), (0, 15), (-9, -19), (22, -1), (-7, 15), (-23, 18), (14, 9), (18, -16), (-3, -4), (5, 2), (13, 9), (-7, 13), (-3, 14), (24, -14), (12, -4), (-9, -6), (-24, 22), (17, 22), (-23, 16), (-14, -19), (-15, -9), (23, -24), (6, 24), (-12, -24), (-24, 15), (16, -20), (23, 5), (9, -14), (-5, 20), (-8, 3), (10, 1), (22, 23), (15, -8), (-1, 17)]

targets: ((23, -24), (24, -14))
Centre: (-129.21929824561403, -3.728070175438596)
Radius: 153.5632309415217