[(-15, -23), (-23, -3), (-5, 15), (-25, -5), (-14, 19), (-1, -6), (21, -24), (16, 18), (6, -22), (7, 24), (-22, 9), (-12, -9), (-5, -21)]

targets: ((21, -24), (16, 18))
Centre: (-6.482758620689656, -5.974137931034483)
Radius: 32.86690926650179