[(-7, 9), (-12, 11), (16, -25), (-19, -9), (24, -12), (21, -2), (-14, -6), (13, -6), (13, -9), (-2, 7), (-14, 9), (-16, -6), (3, -15), (-12, -16), (-4, 24), (-9, 17), (-12, -21), (9, 3), (-10, 12), (2, -18), (22, -8), (-7, -20), (-11, 22), (17, 6), (23, -9), (7, -15), (-5, 6)]

targets: ((16, -25), (24, -12))
Centre: (-3.168711656441717, -4.242331288343558)
Radius: 28.254562762688177