[(16, 13), (-8, 2), (-1, -14), (10, -9), (2, 1), (-11, -1), (8, -22), (7, 5), (-15, 12), (-22, -5), (-16, 2), (-16, 14), (-21, -17), (13, 8), (-16, 4), (8, 11), (-24, -22), (6, -10), (16, -23), (-6, -14), (-13, -10), (-25, 21)]

targets: ((16, -23), (16, 13))
Centre: (-8.792682926829269, -5.0)
Radius: 30.637838153340578