[(-19, -8), (12, 18), (-13, 19), (18, -7), (22, -15), (-6, -5), (24, -12), (2, -3), (-3, 1), (-20, -21), (8, -18), (-7, 1), (13, -5), (11, -10), (-14, -1), (2, 3), (-6, -2), (-10, 8), (16, 14), (-15, 11), (-10, 19), (15, 2)]

targets: ((-20, -21), (8, -18))
Centre: (-27.642857142857142, 182.5)
Radius: 203.64347096164445