[(-3, 14), (-20, -17), (-4, 19), (6, -25), (8, 5), (-2, 9), (-4, 24), (-4, 20), (15, 3), (16, -17), (-21, 7), (-16, 12), (-13, -24), (20, -12), (-22, 15), (-22, 9), (8, -9), (2, -4), (11, 1), (5, 4)]

targets: ((6, -25), (16, -17))
Centre: (-15.88888888888889, 12.61111111111111)
Radius: 43.51688334201416