[(-20, -4), (20, -8), (-8, -24), (-18, -10), (-3, 20), (-19, -2), (-23, -13), (-4, 20), (-1, -12), (-1, -11), (23, 10), (-10, -1), (5, 9), (-5, 18), (0, -11), (-9, 22), (-18, 5), (-3, -12), (-19, -18), (-19, 18), (10, -22), (15, 13), (-18, 22), (20, -7), (20, -6), (-11, 21)]

targets: ((-8, -24), (10, -22))
Centre: (-1.7169811320754718, 1.4528301886792452)
Radius: 26.21684364503929