[(-18, 0), (0, 6), (3, -7), (12, -9), (-18, -11), (-6, 6), (17, -14), (-15, 0), (13, 18), (-12, -9), (11, -9), (-18, 10), (-1, 19), (-6, -24), (21, -3), (-15, 5), (14, 14), (-1, 1), (16, 9), (-18, -17), (9, -2), (9, 21), (18, 24), (-13, -10), (1, 1), (-9, -21)]

targets: ((-6, -24), (17, -14))
Centre: (-5.194444444444443, 5.597222222222221)
Radius: 29.608182703852176