[(23, -15), (-11, -7), (3, -16), (-24, 0), (17, -6), (12, -10), (24, 19), (-12, -23), (-11, -8), (0, -25), (24, 5), (-4, -13), (-21, 1), (-18, 8), (22, -9), (-10, -8), (2, 24), (-19, -12)]

targets: ((0, -25), (23, -15))
Centre: (-0.6686746987951804, 7.987951807228918)
Radius: 32.99472821965452