[(7, -20), (10, 17), (17, 1), (16, 15), (22, -24), (-8, 0), (1, 20), (23, 15), (14, 21), (5, -23), (-24, -11), (23, 21), (-14, -2), (-14, 3), (-25, -3), (-6, -14), (8, 24), (-3, -16), (-11, -4), (-25, 7), (-7, 6), (13, -23), (22, 15), (-3, -16), (2, 18), (8, -2), (12, -21)]

targets: ((22, -24), (23, 15))
Centre: (-855.0000000000007, 18.000000000000018)
Radius: 878.0051252697795