[(-15, 24), (24, 10), (11, -5), (-14, 18), (13, 24), (-11, -25), (18, -13), (15, 23)]

targets: ((-11, -25), (18, -13))
Centre: (-6.735294117647061, 5.7352941176470615)
Radius: 31.029760243373552