[(21, -8), (-17, 14), (-2, 21), (-2, -1), (9, 22), (-1, 12), (-3, 9), (-9, 2), (-8, 20), (0, -14), (-4, -18), (8, 14), (0, -5), (7, -25), (-25, -22), (-7, 22), (-20, -9), (-10, 13), (11, 1), (-9, 11)]

targets: ((7, -25), (21, -8))
Centre: (-6.742320819112628, 0.5819112627986369)
Radius: 29.03937956212426