[(3, 1), (13, 6), (10, 24), (-17, -1), (-3, 22), (7, -6), (20, 7), (-24, -22), (-11, -15), (-16, 15), (-10, 0), (-21, 9), (0, -6), (2, -3), (-1, -3), (-7, -15), (2, 10), (-5, -16), (-10, -2), (9, 14), (22, -12), (-11, 4), (10, 2), (13, 16), (23, 8), (13, 3), (12, -20), (-5, -22), (-25, -25), (14, -16), (24, 6)]

targets: ((-25, -25), (12, -20))
Centre: (-12.333333333333336, 20.666666666666686)
Radius: 47.390810173375286