[(-19, 23), (-10, 11), (8, -3), (11, 20), (-13, 18), (-13, -16), (-22, 15), (21, 21), (1, -14), (-18, 12), (19, -3), (-10, 4), (12, 3)]

targets: ((-13, -16), (1, -14))
Centre: (-12.09322033898305, 27.652542372881356)
Radius: 43.66195947240385