[(13, 4), (8, 20), (-19, -19), (-2, 23), (-20, -23), (-2, 15), (-9, -19), (18, -1), (-5, -5), (-7, 23), (9, 20), (22, -23), (16, 1), (-5, 8), (-25, 5), (-20, -25), (17, 7), (-25, 19), (-14, 17), (-24, -18), (-14, -17), (8, 9), (24, -18), (-16, 8)]

targets: ((-20, -25), (22, -23))
Centre: (-0.12109795479009688, -0.4569429494079653)
Radius: 31.583736256365643