[(-6, -5), (12, 19), (-6, -19), (5, -16), (3, -14), (15, -8), (-20, 3), (20, -14), (-1, 7), (-17, 23), (-2, -23), (0, -22), (12, 24), (-11, 23), (23, 19), (21, 22), (-11, -12), (10, 2), (-7, -4), (22, 4), (-3, 3), (-24, 7), (-11, 17), (12, 11), (-13, -14), (21, 14), (-16, 21), (-17, 10), (-10, -17)]

targets: ((-2, -23), (20, -14))
Centre: (-0.4425287356321859, 4.5817369093231175)
Radius: 27.62567515327813