[(-9, 15), (6, -22), (0, -15), (24, -12), (-11, -14), (19, -4), (-20, 20)]

targets: ((6, -22), (24, -12))
Centre: (2.7559055118110223, 5.0393700787401565)
Radius: 27.233282639141514