[(-3, 11), (1, 0), (-23, 4), (20, -2), (3, 23), (-23, -22), (10, 11), (13, -10), (14, -7), (-7, -20), (16, 16), (-15, -9), (-21, -19), (-8, 23), (16, 22), (20, -13), (-25, -5), (18, -5), (-20, 20), (-8, -7), (-20, 15), (-5, 18), (-15, 23), (0, -20), (9, 19), (13, 18), (-12, -16), (6, -20), (24, -14), (-18, 4), (22, 19), (23, 2), (-8, -19), (8, 4), (5, 24), (-9, 8), (-6, 2), (7, 2)]

targets: ((-23, -22), (6, -20))
Centre: (-14.978260869565217, 72.93478260869566)
Radius: 95.27308774064716