[(13, 2), (1, 21), (6, -11), (11, -13), (9, 4), (-16, 9), (-9, -14), (5, -16), (23, 22), (-22, 12), (-20, -24), (-24, 11), (2, 10), (6, 13), (-12, -12), (17, -7), (8, 22), (-19, 3), (22, 21), (-3, -25), (-2, -5), (-17, 5), (8, -17), (-12, 22), (-20, 21)]

targets: ((-3, -25), (8, -17))
Centre: (-35.39473684210526, 31.105263157894733)
Radius: 64.78595163371355