[(-15, -10), (-9, -12), (20, -20), (-20, -6), (-21, -7), (-17, -17), (-11, -12), (5, 16), (-23, 13), (23, -4), (-10, 3), (-10, -25), (2, -1), (23, -24), (-14, 21), (10, -15), (-8, 14), (13, 7), (-4, -7), (19, -6), (-22, 9), (4, 9), (22, 16), (24, 21), (18, -1), (24, 2), (3, 15), (-24, 21)]

targets: ((-10, -25), (23, -24))
Centre: (5.6096605744125325, 4.881201044386415)
Radius: 33.71272280761981