[(-18, -15), (13, -9), (-14, 2), (-19, 2), (-15, 7), (20, 17), (-1, 24), (14, 15), (-25, 20), (11, -22), (14, -12), (16, -16), (3, -23), (1, -4), (-13, -13), (0, 18), (11, 19), (2, 24)]

targets: ((3, -23), (11, -22))
Centre: (3.088235294117647, 8.794117647058822)
Radius: 31.794240082476342