[(-7, -2), (11, 22), (-22, 2), (-8, 20), (-24, -15), (17, 8), (5, -6), (5, 0), (-17, 17), (7, -11), (-11, 6), (12, 9), (5, -10), (-8, 24), (22, -21), (-16, -9), (1, -25), (8, -5), (-6, 21), (23, 6), (18, -5), (-5, -16), (-14, 12), (5, 13), (9, -8), (6, 11), (13, 15), (0, 5), (1, -2), (-25, 23), (12, 1), (7, -13), (13, 7), (-14, -13), (-5, 4)]

targets: ((1, -25), (22, -21))
Centre: (3.693548387096774, 17.983870967741936)
Radius: 43.068182760422104