[(15, 10), (16, 8), (0, 3), (4, -7), (-15, -4), (-19, 9), (-19, -23), (3, -2), (-17, 1), (7, -8), (-21, -23), (-12, -8), (6, 2), (-1, 12), (0, -17), (-17, -13), (1, -4), (-7, -25), (-5, 22), (-24, -16), (9, 15), (-23, -23), (-1, -16), (-15, -5), (12, -14), (7, 8), (18, -18), (3, -18)]

targets: ((-7, -25), (18, -18))
Centre: (-8.456790123456791, 28.34567901234568)
Radius: 53.36556667695022