[(-23, 11), (-10, -11), (0, 10), (-5, -5), (-24, 5), (-17, -21), (-5, -5), (-2, 16), (-16, 3), (-19, 8), (24, 16), (-13, -2), (18, 5), (15, -8), (11, 9), (20, -7), (11, 14), (-9, -3)]

targets: ((-17, -21), (20, -7))
Centre: (-7.437106918238994, 9.619496855345915)
Radius: 32.07806901557092