[(8, 2), (-2, 18), (-23, 11), (-21, 11), (-12, 15), (-3, 10), (7, -9), (-5, 15), (7, -6), (1, 17), (-18, 13), (-14, -18), (-8, 22)]

targets: ((-14, -18), (7, -9))
Centre: (-10.083969465648854, 1.8625954198473273)
Radius: 20.244949788984673