[(20, -20), (0, -18), (10, 21)]

targets: ((20, -20), (10, 21))
Centre: (11.873750000000001, -0.26249999999999973)
Radius: 21.344902091893044