[(-3, 17), (14, -20), (12, 12), (19, -18), (-11, 7), (-10, 11), (11, -17), (5, -12), (-2, 15), (-18, -23), (16, -1), (-5, -19), (15, 15), (1, -11), (17, -25), (20, -9), (14, -4), (19, 18), (20, -10), (16, -1), (2, 21), (-18, -5), (-16, -7), (-16, 9), (22, -20), (16, -6), (-25, -13), (20, -2), (-12, 7), (-21, 15), (-5, -25), (14, -20), (-18, 12), (0, -23)]

targets: ((17, -25), (22, -20))
Centre: (-0.35365853658536583, -2.6463414634146343)
Radius: 28.299037343603366