[(-10, -3), (16, -17), (-13, 3), (1, -4), (-14, -11), (-15, -15), (-2, 3), (3, -18), (-22, -11), (-10, 13), (-4, -13), (0, -22), (13, -3), (-7, -2), (-23, -10), (7, -24), (-22, -18), (10, 1), (23, 14), (-16, 8), (15, 6), (8, 12), (-4, -7), (2, 19), (-5, -1), (-19, -3), (18, -1), (4, -6), (-24, -15), (6, -5), (1, 7), (-3, 6), (-5, -22), (24, 20), (13, -15), (-9, 8), (12, 12), (-22, -16)]

targets: ((7, -24), (16, -17))
Centre: (-10.788808664259928, 8.157039711191334)
Radius: 36.74937981355312