[(-6, 5), (17, -9), (-20, 2), (13, 13)]

targets: ((17, -9), (13, 13))
Centre: (-0.7142857142857144, -0.8571428571428574)
Radius: 19.496205805651687