[(-4, 9), (11, 16), (-23, -11), (-14, 4), (9, 7)]

targets: ((-23, -11), (9, 7))
Centre: (-18.107142857142854, 17.74603174603174)
Radius: 29.159464881308654