[(13, 19), (-7, 3), (20, 1), (-13, -8), (-5, 23), (6, -7), (20, 14), (-18, -6), (-16, -25), (-14, -17), (-10, 2), (17, 24), (-24, -25), (11, -7), (9, -2), (24, 11), (0, -24), (-17, 18), (-5, -4), (-23, 18), (-22, -10), (1, -4), (8, -18), (-1, 16), (-1, -23), (-13, 21), (-24, 16), (-5, 14), (-17, -11), (18, -22), (13, 19), (-6, 5), (17, 11), (21, -13), (-23, 20), (-23, 15), (-19, -18), (-5, 0), (6, -16), (0, -22)]

targets: ((-16, -25), (0, -24))
Centre: (-30.071428571428573, 328.64285714285717)
Radius: 353.9226970825749