[(23, -9), (13, -5), (-15, 19), (24, 16), (-5, 22), (-9, 5), (-17, -12), (2, 4), (7, -10), (-23, 9)]

targets: ((-17, -12), (23, -9))
Centre: (1.8566433566433567, 4.744755244755243)
Radius: 25.21824392947297