[(-18, 5), (-8, -12), (9, 8), (-21, -11), (12, -16), (-21, -5), (-14, 22), (-20, 11), (8, 14), (-13, 24), (-24, -5), (22, 3), (11, -16), (-17, 9), (-12, -19), (-11, -18)]

targets: ((-12, -19), (12, -16))
Centre: (-2.6690140845070425, 3.85211267605634)
Radius: 24.683726459234286