[(-21, -21), (-3, -24), (-7, -14), (17, 20), (19, 18), (-24, 24), (-4, -16), (17, -9), (-14, 11), (19, -11), (-1, 5), (-14, 2), (21, -7), (2, -9), (17, -13), (16, -13), (-7, 6), (4, 7), (-6, 22), (18, -14), (-10, -25), (20, -3), (-10, -24), (-15, -22), (-11, 23), (4, -17), (-18, -17), (-23, -2)]

targets: ((-10, -25), (-3, -24))
Centre: (-13.622448979591837, 25.35714285714286)
Radius: 50.48726545718673