[(-2, -16), (11, 12), (7, 9), (-25, 20), (14, -11), (-2, -11), (-11, -1), (-9, -21), (3, 14), (20, -20), (17, -4), (1, -6), (-11, -7), (-25, -12), (7, 21), (19, 9), (2, 11), (-4, -16), (-2, 17), (-19, 18), (20, 19), (14, -12), (13, -25)]

targets: ((13, -25), (20, -20))
Centre: (-0.8762376237623771, 1.8267326732673257)
Radius: 30.20303886224145