[(13, 19), (8, 19), (-22, 16), (19, 14), (23, 2), (-21, 21), (-8, 1), (-22, 3), (8, -14), (7, 9), (-5, -15), (15, -24), (9, -19), (19, 1), (-24, -3), (6, -25), (0, 0), (-16, -4), (15, 10), (-20, 16), (19, -10)]

targets: ((6, -25), (15, -24))
Centre: (6.921052631578948, 7.710526315789473)
Radius: 32.72349110052432