[(22, -7), (6, 20), (20, 8), (24, 15), (20, -21), (-24, -21), (-13, -19), (-6, -7)]

targets: ((20, -21), (22, -7))
Centre: (-329.00000000000017, 36.00000000000002)
Radius: 353.6240942017386