[(-20, -14), (-9, 20), (-22, 4), (-19, 1), (15, 23), (-25, 10), (17, 4), (-5, 16), (7, -15), (-15, -6), (-3, 21), (24, 8), (-6, 0), (22, -15), (2, 4), (21, 9), (9, 0), (23, -15), (-25, 11), (22, -14), (-23, -7), (-14, -15), (-24, 16), (23, -15), (-9, -24), (12, -21), (-15, 12), (-4, 16), (-3, -15), (-9, 13), (-21, 19)]

targets: ((-9, -24), (12, -21))
Centre: (-5.048387096774194, 23.33870967741936)
Radius: 47.5033543916631