[(-2, -20), (24, -21), (18, -15), (11, 12), (-1, 16), (9, 18), (-2, -8), (4, 5), (-12, 20), (-20, -20), (14, 17), (22, 3), (-4, -20), (-19, 24), (-15, 16), (18, -14), (23, 16), (-18, -3), (-22, -6), (7, -18), (21, 4), (-15, -3), (-15, -12), (20, 0), (22, 13), (-9, 17), (24, 16), (7, 5), (21, -7), (-21, 21), (-22, -11), (-22, 17), (-1, 8), (-21, -14), (22, 22), (22, -22), (-17, -18), (-5, -11)]

targets: ((22, -22), (24, -21))
Centre: (2.891304347826087, 18.717391304347828)
Radius: 44.978308151361034