[(2, 15), (16, 19), (-7, -4), (4, -15), (-20, 1), (5, 20), (-17, 22), (-14, -24), (-4, -1), (14, -18), (-3, 20), (-21, 6), (8, 7), (-18, -6), (-21, -9), (12, -16), (-16, 4), (-18, 3), (10, 13), (5, 16), (12, -3), (3, 20), (-6, 1), (14, -10), (-19, -19), (-17, -7), (7, -17), (-11, 3)]

targets: ((-14, -24), (14, -18))
Centre: (-4.836914062499999, 1.5722656249999964)
Radius: 27.164368446433034