[(16, -9), (10, -12), (-7, -15), (15, 15), (-19, 9), (-16, 8), (-25, -21), (15, 21), (22, -23), (-17, -15), (14, -22), (23, 22), (-21, -24), (-8, -23)]

targets: ((-21, -24), (22, -23))
Centre: (-0.22932330827067668, 7.860902255639097)
Radius: 38.03338142705348