[(21, 12), (-15, -6), (18, 12), (-24, 1), (-2, 8), (6, -14), (-20, 11), (2, 24), (17, 7), (-20, 11), (-23, 15), (-10, -13), (-3, -18), (-24, -13), (6, -22), (-8, -8), (0, -16), (22, 23), (11, 22), (-1, -8), (-25, -21)]

targets: ((6, -22), (21, 12))
Centre: (-52.812977099236655, 24.2557251908397)
Radius: 74.82351494153303