[(-10, -8), (23, -16), (15, -14), (-1, 10), (-11, -25), (-24, -6), (5, -9), (-3, -12), (-23, 3), (-9, -23), (-11, 12), (-18, -12), (-2, -11), (-10, -13), (7, -24), (-2, -10), (-13, -16), (21, -17), (0, 23)]

targets: ((-11, -25), (7, -24))
Centre: (-4.40625, 18.8125)
Radius: 44.30589910285649