[(-18, -4), (15, -10), (19, 5), (-16, 7), (6, -14), (-9, 20), (-22, -11), (-17, -18), (1, 3), (24, 0), (-18, -4), (17, 7), (-7, 22), (-2, -7), (23, -3), (23, -14), (18, 8), (12, -17), (-23, 15), (-24, -8), (23, -8), (17, -23)]

targets: ((17, -23), (23, -14))
Centre: (-2.5153061224489806, -3.4897959183673475)
Radius: 27.595203140398333