[(3, -13), (-15, -12), (6, -6), (16, -20), (-13, -2), (-24, 19), (8, 17), (-16, 10), (-15, 18), (15, -3), (3, 18), (24, 20), (22, -22), (16, -19), (-24, -15), (7, -15), (18, 11), (2, 9), (23, -17), (23, 12), (-7, -18), (-10, 13), (-13, -13), (-16, -23), (-9, -17), (-7, 9), (16, 13), (17, 24), (-24, 23), (12, -5)]

targets: ((-16, -23), (22, -22))
Centre: (2.3058086560364464, 3.879271070615033)
Radius: 32.520729448138475