[(-11, 13), (21, -3), (-6, -4), (-8, -3), (-5, 8), (-15, -10), (-18, -4), (-2, -5), (9, -6), (-20, -16), (0, 18), (5, 11), (-12, -12), (-15, 21), (-3, 7), (-9, 1), (-10, -20), (-24, -19), (-12, -24), (13, -16), (19, 12)]

targets: ((-12, -24), (13, -16))
Centre: (-7.7298850574712645, 5.718390804597703)
Radius: 30.02360127694885