[(-21, 4), (11, 4), (-17, 23), (15, -25), (-15, -20), (3, -14), (-19, -11), (21, -12), (-14, -2), (-11, -7), (-4, 9)]

targets: ((15, -25), (21, -12))
Centre: (-8.738636363636363, -6.159090909090908)
Radius: 30.30680966015492