[(-22, 16), (-11, 7), (20, 17), (-21, 21), (-2, -12), (18, 8), (-4, -21), (-25, -12), (17, 3), (-21, -10), (-11, 2), (1, -17), (7, -11), (-20, 16), (4, 19)]

targets: ((-4, -21), (1, -17))
Centre: (-46.833333333333336, 37.66666666666667)
Radius: 72.63932972035344