[(7, 22), (9, -10), (-18, 24), (17, 10), (-9, 18), (-5, -6), (-20, -4), (19, 2), (24, -18), (-11, 9), (22, 7), (-8, 4), (-8, -7), (22, -3), (-7, 23), (-11, -17), (5, -10), (13, -10), (1, -19), (-6, 0), (2, -17), (-20, 23), (-14, 6), (-24, 7), (-24, -18), (9, -9), (-24, -13), (13, 9), (-3, 3), (1, -12), (2, 14), (-2, 23), (-23, -21), (-15, -2), (-8, -16), (19, -8), (-20, 17), (19, -9), (-15, 1), (20, 8)]

targets: ((-23, -21), (24, -18))
Centre: (-0.7180670228266147, -0.4169499757163688)
Radius: 30.333916422074633