[(17, 18), (12, -3), (3, -16), (1, 18), (10, 10), (18, -5), (-16, 8), (-6, 6), (-22, 11), (21, 10), (-14, -18), (-18, 11), (13, -23), (13, 19), (-3, 19), (-15, 18), (1, -15), (11, -9), (-24, -9), (-12, -17), (-5, 16), (-16, -5), (-23, 0), (0, 3), (24, 10)]

targets: ((13, -23), (24, 10))
Centre: (0.37999999999999956, -0.4600000000000004)
Radius: 25.832460200298385