[(18, 11), (-23, -6), (23, -7), (-7, -1), (16, -24), (0, -7), (-8, 15), (-5, -5), (6, 9), (-3, -5), (17, 23), (-2, -16), (12, -15), (8, 15), (-16, -9), (-7, 4), (-24, 15), (3, -14), (21, 15), (-5, -6), (14, 3), (-16, 15)]

targets: ((16, -24), (23, -7))
Centre: (-18.840425531914896, 0.28723404255319274)
Radius: 42.470283595505485