[(1, -11), (-24, -12), (23, 23), (-20, -5), (9, 18), (8, -25), (8, -3), (-18, -18), (22, -18), (-9, 19), (-16, 12), (20, -5), (-18, 22), (9, -10), (9, 8), (-22, 21), (24, 7), (-4, -19), (-5, -21), (-7, 13), (17, 19), (22, -22), (18, 9), (19, -4), (-20, 23), (-24, -13), (6, -20), (13, 21)]

targets: ((8, -25), (22, -22))
Centre: (5.8977272727272725, 18.977272727272727)
Radius: 44.02749217419453