[(15, -18), (14, 18), (-22, -9), (-25, -15), (24, 9), (5, -14)]

targets: ((15, -18), (24, 9))
Centre: (-3.524390243902439, 3.1747967479674797)
Radius: 28.134055008585626