[(-21, 23), (-3, 0), (24, -4), (-21, 21), (-23, 10), (-6, -14), (8, 17), (-12, 15), (1, 24), (-21, -4), (1, 19), (-24, -5), (-15, 16), (23, 23), (-8, -20), (14, 19), (10, 10), (-11, 7), (14, -25), (-1, -22), (-12, -21), (-2, 24), (-16, 5), (14, 24)]

targets: ((14, -25), (24, -4))
Centre: (-27.438144329896915, 7.613402061855673)
Radius: 52.73285313306705