[(-8, 18), (-4, 21), (16, -12), (3, 2), (-16, 8), (-21, 23), (20, -13), (18, 16), (16, 3), (21, 15), (13, -23), (4, -21), (-21, -20), (17, -15), (-7, 6), (-3, -8), (-19, 22), (-4, 18), (24, 24), (-16, 1), (13, 21), (4, 17), (0, -23), (1, -14), (-11, 3), (12, -20)]

targets: ((13, -23), (20, -13))
Centre: (-24.207762557077633, 10.495433789954342)
Radius: 50.06357637325846