[(7, 5), (10, -12), (-6, -4), (-19, -23), (-24, -7), (-3, -22), (19, -19), (-21, 12), (-12, 0), (2, 7), (13, -20), (11, -14), (17, -18), (4, -8), (-2, 0), (-15, -14), (-4, -22), (9, -14), (-6, 2), (-23, -16), (18, -9)]

targets: ((-19, -23), (-3, -22))
Centre: (-27.307692307692307, 238.4230769230769)
Radius: 261.5550475510046