[(1, 0), (12, 7), (-12, -1), (8, 13), (18, 23), (-2, 22), (19, -22), (-18, 3), (16, -5), (-10, 22), (5, 22), (-1, 10), (19, 20), (4, -22), (-24, -23), (24, 17), (-4, -4), (5, 11), (-8, 20), (-15, 9), (3, -25), (6, 0)]

targets: ((3, -25), (19, -22))
Centre: (-4.38495575221239, 58.55309734513274)
Radius: 83.87882717007531