[(7, -15), (-19, 20), (-20, -4), (-11, -23), (-9, 11), (-22, -14), (-13, -7), (8, 7), (-3, 4), (-17, -1), (20, -2), (-6, -16), (4, 21)]

targets: ((-11, -23), (7, -15))
Centre: (-22.8, 27.800000000000004)
Radius: 52.15246878144888