[(15, 2), (13, -3), (20, 10), (1, -23), (18, 21), (21, 19), (11, -16), (11, 6), (20, -22), (17, -24), (-18, 15), (-7, -22), (-14, 24), (-4, -4), (24, 11), (3, -1), (10, 1), (23, 23), (-24, -4), (-15, -5), (-2, -5), (-5, -10), (23, 8), (1, 11), (-8, -10), (7, 2)]

targets: ((17, -24), (20, -22))
Centre: (1.9651162790697674, 1.802325581395349)
Radius: 29.863150100252682