[(-6, -9), (1, -2), (4, 1), (-6, 11), (-24, -23), (-25, 10), (-3, -15), (9, -25), (21, -10), (-1, -13), (13, 8), (24, -2), (10, -23), (-4, -14), (22, -14), (14, -20), (-18, 16), (-5, -25), (-6, 15), (-23, -2), (-12, -9), (11, 0), (1, -18), (22, 4), (-2, -11), (-15, -21), (24, -2), (3, 16)]

targets: ((9, -25), (22, -14))
Centre: (-5.708226221079691, 5.564267352185092)
Radius: 33.91911492575099