[(-12, -5), (-14, 8), (-25, -6), (9, 16), (12, 23), (19, 13), (-12, -4), (24, 17), (-5, -4), (-25, 9)]

targets: ((-25, -6), (-12, -5))
Centre: (-30.333333333333332, 148.33333333333331)
Radius: 154.42545846531334