[(10, -12), (-9, -8), (-19, -25), (-14, 10), (-9, 9), (-20, 1), (-3, 22)]

targets: ((-19, -25), (10, -12))
Centre: (-12.322510822510822, -1.0497835497835517)
Radius: 24.863662838119883