[(-2, -14), (-8, 6), (-22, -10), (17, -22), (9, 17), (-16, 17), (18, 17), (11, 5)]

targets: ((17, -22), (18, 17))
Centre: (1.0000000000000002, -2.0769230769230766)
Radius: 25.552475302460234