[(2, -21), (20, 18), (-14, 10), (10, -2), (-20, 16), (-12, -21), (9, 7), (-21, 6), (-11, 24), (-1, 10), (-4, -15), (22, 12), (-10, -1), (-15, -11)]

targets: ((2, -21), (22, 12))
Centre: (-5.5645161290322545, 6.145161290322579)
Radius: 28.17945502922327