[(15, -3), (7, -10), (-22, -12), (18, -25), (-3, -15), (19, 15), (17, -18), (-8, 13), (2, -10), (8, 15), (18, -25)]

targets: ((18, -25), (19, 15))
Centre: (2.5173589584624927, -4.600433973961562)
Radius: 25.609655750747674