[(13, -8), (-7, -19), (23, 1), (-15, 20), (15, 1), (6, 19), (19, -3), (6, -13), (21, 12), (-11, -22), (-2, -18), (7, -22), (11, 3), (-13, 17), (15, -11), (-21, 10), (-22, -4), (15, -20), (-8, -9), (12, -22)]

targets: ((-11, -22), (12, -22))
Centre: (0.5, 0.2857142857142857)
Radius: 25.077939732451902