[(-22, -6), (11, 14), (-9, -18), (20, 19), (-17, 7), (-12, -22), (0, 5), (9, -15), (5, 6), (11, -18), (-5, -17), (8, -13), (10, 21), (22, -2), (-16, 14), (15, 2), (20, 9), (23, -7), (-24, -18), (-15, -14), (9, 18), (-24, -11), (6, -18), (19, 18), (0, -24), (-13, -19), (-23, 19), (-18, 22), (-18, -13)]

targets: ((0, -24), (11, -18))
Centre: (-22.8469387755102, 30.96938775510204)
Radius: 59.52828068727228