[(-9, 16), (-7, -8), (1, 8), (0, -24), (-21, 1), (-4, 2), (19, -11), (-7, -11), (-23, 21), (8, -10), (20, -5), (-25, -11), (11, -8), (18, -16), (-15, -6), (-11, 11), (23, 3), (-21, 9), (20, -15), (-21, 20), (4, -4), (-13, 7), (-7, 4), (-23, 2), (-1, -4), (11, 22), (-1, 10), (-23, 24), (-23, 16), (-17, -20), (-10, -12), (-10, -5), (12, 9), (10, -23), (12, -21), (-24, -4), (24, -10)]

targets: ((0, -24), (10, -23))
Centre: (0.868421052631579, 17.815789473684212)
Radius: 41.82480608959393