[(-23, 16), (1, -17), (-2, 11), (-18, -11), (-10, 17), (-24, 4), (-16, -18), (-18, -16), (5, -16), (15, 11)]

targets: ((-16, -18), (1, -17))
Centre: (-10.807692307692308, 38.730769230769255)
Radius: 56.96788776746416