[(6, -7), (-18, -11), (6, -18), (-3, -24), (20, 0), (-6, 4), (23, 4), (-19, -20), (-18, -13), (-15, 4), (-10, -14), (-1, -15), (-17, 15), (9, 11), (0, 8), (-6, -2)]

targets: ((-3, -24), (6, -18))
Centre: (-31.5625, 28.59375)
Radius: 59.84913487522188