[(-9, -11), (-7, -19), (-22, -5), (4, 0), (11, -14), (-5, 1), (-13, -6), (23, 9), (-20, 19), (12, -15), (8, 19), (5, 7), (-2, -15), (-4, -24), (20, -19), (-18, -13), (-23, 9), (-16, -25), (7, 22), (3, -10)]

targets: ((-16, -25), (-4, -24))
Centre: (-22.416666666666668, 124.5)
Radius: 149.63764102361114