[(-24, 2), (14, -17), (-15, 9), (-21, -2), (-12, 11), (-6, -18), (2, 5), (-3, 4), (24, -4), (0, 15), (-15, 17), (-15, 19), (0, -2), (9, 2), (-3, 19), (-14, 2), (-12, -1), (-5, -11), (-3, 22), (-7, 11), (-8, 20), (9, 3)]

targets: ((-6, -18), (14, -17))
Centre: (2.727272727272727, 7.95454545454546)
Radius: 27.382544056538368