[(-20, 0), (15, 8), (9, -14), (2, -11), (4, -13), (-9, 10)]

targets: ((9, -14), (15, 8))
Centre: (-1.7576177285318555, 0.7520775623268704)
Radius: 18.25787861713761