[(17, 16), (-24, 13), (21, -23), (-19, 3), (-2, 23), (-25, -14), (24, -25), (-6, -12), (8, -22), (-7, 18), (-12, 10), (18, -23), (-22, -23), (-16, -23), (-17, -8), (-25, 14), (7, -4), (-2, -2), (-1, 4), (-6, -25), (-5, -24), (11, 10), (-15, -7), (-3, 15), (-7, -2), (-15, -20), (15, -15), (2, 13), (1, -21), (0, -3), (17, 1), (-7, 2), (10, 5), (6, 1), (13, -7), (20, -8), (15, -20)]

targets: ((24, -25), (17, 16))
Centre: (-2.8813364055299537, -8.491935483870968)
Radius: 31.545561352049965