[(-18, 6), (-11, 3), (14, 0), (-25, 20), (-12, -6), (-8, 14), (-14, 8), (17, 22), (9, -7), (-14, 4), (-20, 1), (14, 9), (7, 10), (23, -12), (3, -8), (20, 21), (-22, 20), (8, 5), (-11, 22), (1, -22), (0, 16), (13, -16), (-20, -15), (12, 15)]

targets: ((1, -22), (23, -12))
Centre: (-0.11538461538461506, 9.653846153846155)
Radius: 31.673491426926677