[(-21, 22), (6, 4), (8, -16), (7, -16), (16, 10), (2, -16), (-20, -7), (-5, -19), (21, 1), (11, 11), (0, -19), (-25, 13), (24, 22), (-20, 15), (13, 24), (-4, -19), (1, 0), (12, -4), (13, 5), (21, -3), (-19, -3), (1, -24), (0, 20), (12, 20), (22, -14), (-20, 24), (4, -9), (-22, -9), (15, 0), (11, -9), (-23, -4)]

targets: ((1, -24), (22, -14))
Centre: (-0.06249999999999876, 5.281249999999999)
Radius: 29.300520606509707