[(-2, -25), (8, 12), (21, 7), (17, 0), (24, 12), (6, 14), (10, -20), (5, -16), (-24, -15), (-22, -1), (-3, 4), (-15, 4), (-5, 11), (-9, -23), (-18, -6), (-15, -9), (14, 10), (16, -3), (-3, 3), (-10, -13), (16, -9), (-22, -13), (-15, -13), (9, 2), (-2, 15), (13, 13), (-18, -10), (16, 1), (3, -18), (-14, 2)]

targets: ((-2, -25), (10, -20))
Centre: (-8.32484076433121, 7.079617834394904)
Radius: 32.69717864120654