[(16, 0), (9, 15), (24, 3), (18, 11), (1, 1)]

targets: ((16, 0), (24, 3))
Centre: (10.292452830188678, 27.38679245283019)
Radius: 27.97521216273467