[(-17, 10), (-6, 4), (8, -13), (19, 19), (-9, 19), (-14, -21), (-19, -12), (-23, -14), (12, -17), (-24, 15), (-8, 23), (3, -7), (-16, 2), (17, 20), (14, -17), (21, 14), (4, 7), (-16, 6), (-23, -20), (15, 7), (10, 10), (-5, 10), (18, -24), (15, -23), (17, 13), (0, -13), (17, -25), (14, -11), (5, 13), (-24, -3), (16, -18), (23, 19), (-6, 22), (24, -5), (-18, -22), (-24, -1), (3, -12), (-15, 0), (17, 24), (-10, -14)]

targets: ((17, -25), (18, -24))
Centre: (-7.7894736842105265, 0.7894736842105265)
Radius: 35.771706115989964