[(10, -2), (21, -1), (-12, 19), (-8, -16), (1, -25), (-17, 16), (-9, -18), (20, -21), (-1, 9), (9, -2), (-16, 7), (-13, 19), (8, -23), (-18, 23), (-8, -22), (9, -11), (-17, 18), (-18, 16), (-11, -22), (-9, 2), (-20, 23), (14, 2), (7, 21), (-12, 8)]

targets: ((1, -25), (20, -21))
Centre: (3.4714285714285715, 10.385714285714286)
Radius: 35.47191473114861