[(-6, -3), (-7, 11), (7, -19), (7, -13), (-3, 7), (16, -2), (20, -17), (17, 19), (16, -13), (11, -13), (24, -24), (-14, -4), (-9, 24), (3, 10), (3, 2), (13, 10), (-2, -8), (-1, -6), (-16, -23)]

targets: ((24, -24), (17, 19))
Centre: (-1.297783933518004, -6.0484764542936285)
Radius: 31.01991408045825