[(3, -21), (16, 0), (-16, 23), (21, -7), (21, -14), (2, 8), (-17, -7), (-3, -23), (-4, -8), (-2, 18), (18, -9), (-15, 5), (21, -14), (9, -23), (-12, -25), (-7, -10), (21, -24), (-6, 12), (-25, 0), (-12, 16), (19, -2)]

targets: ((-12, -25), (21, -24))
Centre: (3.743073047858942, 0.47858942065491306)
Radius: 29.95000614117685