[(-13, -9), (16, 14), (-25, 1), (2, 1), (13, 6), (-16, 13), (-2, 15), (-9, 13), (-15, -6), (24, -22), (-10, -6), (-21, 9), (23, 1), (23, -17), (-7, -21), (14, -6), (23, 24), (6, 11), (-24, -11), (18, 24), (1, -2), (-17, -13), (-20, 11)]

targets: ((24, -22), (23, 24))
Centre: (3.912835685025034, 0.5741920801092399)
Radius: 30.217351278470296