[(-4, -21), (11, -19), (1, -5), (10, -16), (4, -24), (-8, 9), (18, 17)]

targets: ((4, -24), (11, -19))
Centre: (-10.633640552995391, 3.8870967741935463)
Radius: 31.493389819571778