[(21, 13), (-25, 7), (-18, -4), (12, 20)]

targets: ((-18, -4), (21, 13))
Centre: (-2.4708029197080292, 13.60948905109489)
Radius: 23.47871518203625