[(-1, -4), (11, -13), (24, -15), (15, 14), (23, 17), (-5, 24), (-21, 23), (-24, 19), (2, -14), (-14, 8), (8, 5), (13, 14), (-12, -14), (-11, 2), (11, -9), (6, -17), (4, 17), (7, -7), (-3, -15), (-23, -17), (11, 20), (9, -2), (11, 24), (7, 24), (18, -7), (9, -12), (-10, -11), (7, 17), (-24, -14), (12, -25), (11, -22), (-14, -5)]

targets: ((12, -25), (24, -15))
Centre: (-0.2623318385650228, 1.914798206278025)
Radius: 29.57653030028628