[(-4, 20), (-3, 16), (4, -9), (-19, -6), (0, -5), (10, 18), (15, 23), (-17, -22), (8, -10), (-5, -4), (-12, 8), (15, 13), (7, 14), (-9, 22), (-9, 7), (-13, -3), (9, -25), (19, -4), (19, -1), (-4, -25)]

targets: ((9, -25), (19, -4))
Centre: (-23.728813559322038, 3.4661016949152543)
Radius: 43.376193732347225