[(-11, -20), (-7, 19), (13, 15), (4, -2), (16, 10), (-6, -25), (14, -8), (1, 13), (-7, -3), (6, -2), (-22, 15), (-8, 22), (20, 24), (17, -15), (-11, -3), (-7, -13), (17, 6), (-20, -14), (-6, -2), (19, -8), (23, -20), (11, 0), (-10, 13), (8, 5), (-25, 19), (10, -16), (-3, -2), (12, 1), (-5, 1), (-11, 21), (-18, 3), (11, 1), (-2, -13)]

targets: ((-6, -25), (23, -20))
Centre: (3.707877461706783, 5.294310722100658)
Radius: 31.811761141733374