[(-13, -10), (1, 12), (-23, -25), (-8, 13), (3, -5), (5, 12), (-1, 8), (-3, -14), (16, -4), (9, -14), (-25, -8), (-15, 21), (-20, 19), (-19, -13), (6, -14)]

targets: ((-23, -25), (9, -14))
Centre: (-17.93209876543209, 12.302469135802454)
Radius: 37.64515674759277