[(0, 19), (-12, 4), (24, 18), (-21, -5), (15, -23), (-22, -7), (-13, -24), (7, -6), (1, 6), (21, -5), (-19, 23), (-8, 19), (23, -2), (10, -6), (-8, 15), (-10, 12), (-10, -11), (10, 17), (9, -12), (3, 16), (19, 24), (-13, 12), (1, -21), (-23, -6), (-2, -10), (-10, 12), (16, 5), (-4, 24), (21, 4), (12, -9), (1, 12), (-16, 4), (22, -23), (0, 3), (-17, 7)]

targets: ((-13, -24), (22, -23))
Centre: (3.7707450030284675, 2.023924894003642)
Radius: 30.959692421685116