[(-22, 9), (-5, 16), (-17, 20), (0, 14), (-3, 16), (9, -10), (-8, 2)]

targets: ((9, -10), (0, 14))
Centre: (-16.584745762711865, -5.90677966101695)
Radius: 25.910107458018526