[(20, -15), (-10, -11), (21, -16), (4, 15), (-19, 15), (9, -13), (8, -21), (-9, 20), (1, -9), (-23, -6), (-6, 11), (-9, -23), (-15, 1), (7, 0), (-15, -18), (4, -25), (15, 17), (-13, -12), (4, -17), (0, 3), (-12, -3), (4, 1), (-7, -24), (-20, 9), (-6, 6), (23, 0), (-13, 14), (-23, -6), (-24, -21), (18, 21), (7, -3), (-22, 18), (12, 14), (-16, -3), (-9, -20), (16, -23), (13, 9), (17, -5)]

targets: ((4, -25), (16, -23))
Centre: (-0.8461538461538461, 41.07692307692308)
Radius: 66.25439585728785