[(6, 16), (5, 8), (-15, 1), (-19, 0), (-25, 8), (-22, -9), (4, 13), (-9, 9), (17, -16)]

targets: ((17, -16), (6, 16))
Centre: (-4.944444444444445, -5.652777777777778)
Radius: 24.26156733789798