[(-9, 3), (4, -18), (-7, -8), (-17, -13), (-2, -2), (14, 0), (15, -16), (-18, -2), (-9, 11), (10, -5), (-14, -12), (7, -2), (4, -3), (-5, -13), (3, 13), (-9, 8), (0, 0)]

targets: ((4, -18), (15, -16))
Centre: (2.417525773195876, 21.95360824742268)
Radius: 39.98493512145569