[(15, 24), (-4, -3), (-6, 10), (-3, -17), (-1, 5), (-13, -17), (-21, 14), (11, 13), (-2, -4), (-22, 5), (-22, 2), (6, -7), (24, -25)]

targets: ((24, -25), (15, 24))
Centre: (3.245954692556635, -3.4854368932038824)
Radius: 29.89325713768449