[(-4, 6), (-3, -20), (5, 13), (-4, 1), (-22, -8), (4, -23), (17, 16), (-20, -11), (-4, 4), (19, -7), (-11, -10), (-3, 2), (6, 10), (21, 17), (21, -9), (-1, 19), (-7, 20), (7, 17), (12, -9), (0, -22), (-17, 18), (-7, 24), (-8, -5), (-25, 9), (-24, -2), (23, 1), (-20, -23)]

targets: ((4, -23), (21, -9))
Centre: (-8.0, 8.892857142857146)
Radius: 34.075714764839404