[(8, 4), (-6, -5), (-7, 11), (-11, 4), (-4, -6), (0, 24), (-23, 19), (15, -15), (3, 8), (2, 13), (20, 24), (-18, 13), (21, -22), (-24, 22), (8, -2), (-18, -22), (1, 21), (-10, 16), (1, -1), (-4, 9), (-25, 8), (23, -8), (-6, 14), (-12, -9), (-17, -24), (-23, -21), (-18, -8), (1, 22), (16, 1), (12, -3), (8, 2), (-14, -4), (-21, -4), (8, -2), (-10, 1), (1, -15), (6, -5), (-6, 5), (-7, 7)]

targets: ((-17, -24), (21, -22))
Centre: (-0.11904761904761904, 17.261904761904763)
Radius: 44.581513409354784