[(-25, -23), (13, 4), (-20, -6), (-18, 11), (20, 18), (-23, 22), (1, 20), (7, 3), (-3, 12), (-5, 22), (-15, -24), (10, 13), (-6, -3), (-21, -15), (-19, -11), (-13, 4), (-1, 3), (22, -15), (-1, -8), (8, -3), (0, 1), (17, 20), (-5, 0), (3, 21), (-1, 15), (-8, -4), (19, -10), (-21, 22), (-20, 11), (3, 16), (7, -19), (-4, 15), (10, 3), (-5, 2)]

targets: ((-15, -24), (7, -19))
Centre: (-117.65384615384608, 478.57692307692275)
Radius: 512.9535804920798