[(-23, -5), (1, 4), (-19, 10), (-20, -17), (3, -12), (8, -8), (-23, 16), (-18, -18), (-1, 20), (10, 18), (0, -2), (-14, 14), (7, 10), (-1, 21), (10, 14), (-19, -7), (-18, 9), (-14, 6), (-24, 15), (6, 17), (-10, -20), (2, -8), (-17, -3), (-9, -24), (20, 5), (-7, 15), (20, 9), (-16, -9), (16, -9), (7, 16), (-1, 21)]

targets: ((-9, -24), (16, -9))
Centre: (-10.153846153846153, 6.256410256410257)
Radius: 30.278403566749574