[(23, 12), (-15, -22), (-25, 3), (5, 9), (-19, -8), (-14, 2), (18, 17), (15, 14), (1, 3), (14, -16), (21, 14), (-7, 9), (-14, -18), (-22, 3)]

targets: ((-15, -22), (14, -16))
Centre: (-5.62137203166227, 5.753298153034304)
Radius: 29.295122818307217