[(-11, -15), (1, -13), (-1, -14), (-17, -5), (-5, 13), (-4, -9), (-19, 1), (-20, 20), (5, -1), (-11, -25), (3, -22), (7, -3), (-11, 15), (-25, -1), (18, -21), (24, 5), (-15, -8), (-9, 13), (15, -4), (-7, 14), (-3, -3), (-15, -3)]

targets: ((-11, -25), (18, -21))
Centre: (0.23825503355704697, 0.6476510067114094)
Radius: 28.001792413367667