[(17, -6), (-1, 22), (20, 2), (13, -17), (-7, 20), (14, -11), (-19, 3), (-12, 23), (23, 22), (-3, 14), (0, -10), (-3, -23), (-19, 6), (13, 7), (17, -5), (19, 15), (-20, -22), (18, -6), (14, -3), (-6, 11), (-7, 22), (-10, -1), (-22, 1), (-3, 17), (-8, -1), (13, -13)]

targets: ((-3, -23), (13, -17))
Centre: (-9.135593220338983, 17.694915254237284)
Radius: 41.15484943132491