[(21, -18), (-19, 14), (-17, -21), (0, -2)]

targets: ((-17, -21), (21, -18))
Centre: (0.6526946107784433, -2.434131736526947)
Radius: 25.618530234930386