[(6, -5), (-20, 14), (15, -18), (-20, -14), (-18, -8), (-17, -22), (17, 23), (6, 14), (16, -13), (-9, 12), (-6, 5), (-18, -24), (22, 6), (23, -20)]

targets: ((-18, -24), (23, -20))
Centre: (0.4731393396754337, -1.2246782316731952)
Radius: 29.325281903400093