[(16, -2), (2, 4), (19, 2), (-1, -24), (11, -20), (8, -25), (11, -21), (-19, 14), (17, -17), (18, -12), (-7, 17), (16, -23), (-19, -17), (-11, -1), (-16, 0), (13, 23), (-12, 9), (-8, 12), (8, 21), (-13, -15), (8, -22), (5, 16), (-17, -13), (8, -7), (-20, 11), (9, 15), (-12, 15), (-4, -18), (-21, 14), (-8, -10), (14, -10), (12, -5), (-23, -19), (11, -19), (-13, -14)]

targets: ((8, -25), (16, -23))
Centre: (0.7909090909090909, 20.836363636363636)
Radius: 46.39981921452384