[(-14, 18), (24, 10), (6, 9), (10, 21), (-12, 15), (16, 16), (-3, 14), (5, 18), (6, 6), (15, -24), (-21, 5), (18, -15), (-2, -21), (-4, 4), (-22, -6), (-3, 20), (17, -9), (-14, -4), (8, -10), (24, 6), (-4, 2), (1, 6), (-24, -6), (21, -11), (-24, -17), (-24, 11), (10, -7)]

targets: ((15, -24), (21, -11))
Centre: (-37.4047619047619, 8.071428571428571)
Radius: 61.439690761811526