[(-7, 7), (-22, -22), (-18, -25), (19, 1), (4, -1), (-11, -6), (-22, -12), (3, 24), (8, 7), (21, -17), (-15, -14), (0, 8), (24, 5), (-17, 24), (12, -6), (-22, 2), (-2, 9), (-8, -18), (24, -7), (22, -15), (3, -7), (-1, 7), (24, -24), (14, 23), (21, -16), (-2, -15), (19, 19), (11, 18), (-12, -11), (-4, 16), (4, 22), (-13, 18)]

targets: ((-18, -25), (24, -24))
Centre: (2.269230769230769, 6.192307692307693)
Radius: 37.19948622155861