[(-15, 5), (16, 7), (-10, -4), (-22, -23), (0, -10), (22, -22), (15, -20), (15, -23), (5, -4), (-15, 21), (8, 21), (-8, -17), (-21, -6), (-20, -25), (23, -8), (17, 15), (22, 1), (-6, 3), (12, 12), (-13, 4), (24, 10), (-11, 14)]

targets: ((-20, -25), (15, -23))
Centre: (-16.642857142857142, 223.5)
Radius: 248.5226758429968