[(12, -4), (-11, 12), (1, 17), (-18, 21), (-23, -17), (-6, -23), (6, 1), (-4, 0), (3, 13), (-25, -21), (-14, 8), (21, 17), (-7, -9), (-15, -7), (-6, 2), (0, -17), (14, 3), (17, -9), (11, 15), (16, -2), (-22, -16), (-5, -13), (13, -13), (-23, 9), (-21, -15)]

targets: ((-6, -23), (13, -13))
Centre: (-17.055555555555546, 21.055555555555536)
Radius: 45.421550875664906