[(-6, -2), (-16, 13), (1, -20), (19, 15), (-8, 2), (6, 3), (4, -18), (20, 12), (-8, -23), (18, 23), (23, 14), (0, -2), (-23, 8), (7, -11), (-23, -5), (-9, 19), (11, 7), (-15, 4), (-10, -24), (1, -15), (-13, 14), (-3, 4), (5, -6), (21, 23), (-13, -13), (-22, -1), (15, 10), (-15, -19), (-15, 22), (17, -25), (11, -6), (23, -11), (-4, 24), (19, -9), (-11, -5), (-16, -15), (21, 7), (-20, 2), (17, 14), (-22, 21)]

targets: ((17, -25), (23, -11))
Centre: (-29.000000000000004, 3.0)
Radius: 53.85164807134504