[(1, -12), (14, 4), (15, -9), (-16, 21), (-16, 15), (13, 0), (-16, 14), (7, 21), (-14, 5), (22, -21), (9, 14), (-12, -17), (3, -11), (0, 23), (-5, -11), (6, -21), (7, -25)]

targets: ((7, -25), (22, -21))
Centre: (7.323529411764706, 3.911764705882355)
Radius: 28.913574834125605