[(-21, 1), (-12, 14), (-9, 15), (19, -23), (2, -7), (-12, -24), (-24, -14), (7, 20), (23, 24), (-21, -14), (-4, 12), (4, -14), (1, -10), (22, 8), (8, -14), (-8, 10), (2, -14), (-19, -9), (-9, -6), (18, 24), (14, -23), (-9, -10), (19, -5)]

targets: ((-12, -24), (19, -23))
Centre: (2.559006211180124, 5.6708074534161454)
Radius: 33.05028709095999