[(3, -2), (19, -3), (2, 24), (0, 14), (-22, -10), (-10, 2), (3, 21), (-9, 10), (-16, 1), (21, -18)]

targets: ((21, -18), (19, -3))
Centre: (-34.36567164179104, -17.74875621890547)
Radius: 55.36624169820599