[(-12, -9), (-19, -9), (2, 0), (-8, 5), (24, -11), (-22, -24), (7, -22), (2, -18), (-1, -15), (5, -9), (-24, 0), (-17, 13), (19, 14), (-19, 21), (3, -25), (6, 5), (24, -10), (6, 2), (16, -10), (-1, 11), (-23, -3), (-25, -20), (9, 12), (4, 23), (-10, 19), (22, -23), (-23, 14), (20, -11), (24, -15), (16, 1), (-3, -4), (-8, 13), (-24, -8), (-13, -15), (-16, -9)]

targets: ((3, -25), (22, -23))
Centre: (-3.427536231884058, 127.31159420289856)
Radius: 152.4471546164133