[(-13, -1), (-14, 19), (-7, 13), (23, 12), (-12, -14), (-5, 7), (-14, -3), (-18, -12), (-15, -20), (-11, -3), (-13, -8), (19, -7), (-25, -24), (-11, -5), (23, 23), (-21, -4), (-22, 21), (24, -22), (13, -7), (-24, 16), (15, 10), (-6, 6), (-24, 1), (-15, -1), (-6, 16)]

targets: ((-25, -24), (24, -22))
Centre: (-1.4365654734934297, -0.05414589941096892)
Radius: 33.595228460179555