[(19, -9), (-15, 17), (5, -3), (22, -8), (3, 3), (5, 12), (-22, -22), (2, -16), (-20, 23), (17, 16), (-21, -23), (-8, 0), (20, -10), (-3, 5), (-19, 10), (-21, 18), (18, 19)]

targets: ((-21, -23), (2, -16))
Centre: (-247.49999999999983, 762.4999999999994)
Radius: 817.5038226210315