[(-2, 8), (-16, -13), (-24, 23), (-22, -6), (-24, -1), (14, 14), (-24, 1), (-16, 5), (-13, 22), (19, -24), (-12, 4), (9, -22), (14, -12), (-22, -14), (-24, -24), (-18, -16)]

targets: ((19, -24), (14, 14))
Centre: (-11.43638313080772, -8.675839885632595)
Radius: 34.0764332243867