[(-23, -16), (-18, 23), (15, -3), (-14, -1), (16, -2), (21, -20), (24, 15), (-23, 8), (5, 4)]

targets: ((21, -20), (24, 15))
Centre: (-0.7161981258366797, -0.5100401606425703)
Radius: 29.17964694063926