[(-14, 1), (14, 18), (2, -16), (22, -8), (-15, -17), (22, 7), (-20, -5), (21, 19), (-22, 3), (11, -20), (6, -18), (1, 13), (12, 16), (-12, -5), (-18, 21), (-4, -8), (11, -16), (13, 16), (-10, -4), (18, -5), (-16, 15), (6, 16), (-18, -21), (-17, -25), (15, -22), (-8, -14), (-10, -19), (1, 0), (22, -16), (-12, 16), (-20, -25), (-17, -13), (19, -11), (-3, 5)]

targets: ((-17, -25), (15, -22))
Centre: (-18.5, 163.16666666666666)
Radius: 188.17264531393621