[(18, 20), (4, -1), (-19, -17), (-16, 20), (15, -24), (-14, -17), (-25, -19), (3, 4)]

targets: ((15, -24), (18, 20))
Centre: (-2.401408450704225, -0.7112676056338025)
Radius: 29.071877693135715