[(-11, 2), (-10, -12), (-13, 20), (-8, -24), (-23, -7), (-21, 6), (-1, -15), (-2, -15), (12, 21), (7, -16), (24, 12), (-11, -23), (4, -5), (6, 5), (-9, -8), (-14, -17), (9, -22), (12, -5), (-14, -22), (15, 11), (-24, -4), (6, 11)]

targets: ((-8, -24), (9, -22))
Centre: (-2.6094890510948905, 3.430656934306569)
Radius: 27.95529552943211