[(9, 18), (-11, 16), (-24, -21), (-24, 6), (19, 13), (1, -17), (8, -6)]

targets: ((-24, -21), (1, -17))
Centre: (-16.792035398230087, 14.075221238938042)
Radius: 35.80818200720079