[(-10, -12), (1, -19), (-12, 4), (15, -21), (-16, 9), (12, -11), (20, -7), (-4, -7), (2, 7), (8, 13), (-10, 13)]

targets: ((15, -21), (20, -7))
Centre: (-2.455223880597015, -6.8731343283582085)
Radius: 22.455582255340776