[(-16, -9), (-3, 13), (6, -24), (22, -23), (-24, -4), (-25, 18), (5, 21), (-24, 24), (14, 7), (-9, -12), (15, 16), (-3, 14), (-9, -2), (-19, -5), (-7, -25), (12, -2), (-4, -1), (14, 17), (-22, -13), (15, 18)]

targets: ((-7, -25), (22, -23))
Centre: (5.379725085910653, 6.743986254295521)
Radius: 34.07254402764238