[(-9, 0), (-13, 5), (17, -19), (-18, -21), (-16, -4), (-25, -1), (-15, 18), (18, 14), (20, 1), (-2, -24), (-21, 21), (7, -21), (5, -13), (20, 9), (-17, -2), (13, 4), (16, 22), (-1, -5), (12, 8)]

targets: ((-2, -24), (17, -19))
Centre: (-2.60948905109489, 16.916058394160586)
Radius: 40.92059764248029