[(-10, -6), (23, -18), (12, 17), (20, -9), (-17, 13), (-21, -11), (-1, 22), (-17, 13), (21, -20), (-13, -15), (-12, 8), (11, 5)]

targets: ((21, -20), (23, -18))
Centre: (3.264705882352941, -0.2647058823529411)
Radius: 26.533422156772033