[(20, 1), (-7, -1), (20, -5), (15, 24), (-24, -9), (-4, 11), (7, 3), (2, 5), (-7, -22), (2, 21), (19, -17), (8, -3), (-22, -15), (4, 14), (-6, 20), (11, -3), (8, 17), (-23, -11), (-3, -23), (-6, -4), (14, -4), (22, 21), (-9, 18), (-25, 22), (11, 23), (-4, 15), (-11, 23)]

targets: ((-3, -23), (19, -17))
Centre: (-0.22413793103448235, 10.155172413793105)
Radius: 33.271171725899116