[(11, 22), (4, -7), (11, 6), (6, 17), (14, 5), (-18, 6), (11, 5), (16, -7), (-22, 15), (24, 6), (20, 18), (20, -9), (13, -2), (-12, -6), (-19, -13), (21, -14), (-21, -1), (6, 14), (-10, -3), (5, -4), (7, 11), (-11, -1), (-19, -25)]

targets: ((-19, -25), (21, -14))
Centre: (-4.695972114639814, 1.212625871417508)
Radius: 29.861462938377084