[(5, -17), (7, -9), (-4, -2), (20, -6), (6, 13), (-13, 11), (-11, -7), (2, 17), (-25, -15), (9, 13), (2, -22), (-3, 19), (5, -17), (-12, -14), (23, 9), (-22, 17), (18, 7), (20, -4), (-13, -4), (20, -14), (12, 0), (-11, -4), (-2, 24)]

targets: ((2, -22), (20, -14))
Centre: (-3.128654970760234, 13.789473684210527)
Radius: 36.15507610836826