[(17, 0), (-4, 20), (-19, -17), (22, -14), (-15, 9), (-9, 14), (2, 11), (18, 4), (-14, 20), (-19, -18), (-20, -2), (-23, 7)]

targets: ((-19, -18), (22, -14))
Centre: (0.053966189856957086, -1.1781534460338101)
Radius: 25.417083803013206