[(24, -9), (4, -11), (16, -8), (-21, -16), (19, -4), (-5, -1), (-16, -25), (-7, -4), (-17, -3), (-21, -2), (17, -11), (-25, 13), (7, -18), (10, -24), (4, -22), (20, -16), (0, -3), (19, 22), (20, -6), (14, 14), (6, 10), (8, 22), (6, 21), (-1, 10), (-7, 6), (12, 11), (16, -24), (-23, 3)]

targets: ((-16, -25), (16, -24))
Centre: (-0.7716133424098026, 0.19162695711368372)
Radius: 29.436742838490943