[(13, -7), (-14, -9), (22, 17), (-21, 20), (-24, 19), (6, -11), (-1, -3), (-2, 10), (11, 13), (8, -23), (-13, 18), (1, 3), (-13, 21), (-13, -25), (9, -5), (7, -1), (-20, -14), (0, 0), (-11, -13), (23, 11), (-24, -15), (-10, -18), (24, -12), (3, -2), (-17, 3)]

targets: ((-13, -25), (8, -23))
Centre: (-6.193467336683417, 14.781407035175874)
Radius: 40.359499905166516