[(6, -18), (-6, 1), (11, 20), (-16, -7), (15, -1), (-6, 14), (8, -21), (-11, -10), (1, -23), (7, 5), (-12, 3), (-15, 20), (-7, 22), (13, 1), (-13, 17), (-8, -14), (6, 23), (24, 4), (-19, 6), (-10, -1), (-16, 2), (11, 2), (13, -9), (-14, 0), (24, 7), (16, -15), (-7, -25), (16, 11), (21, -18), (-7, -20), (-15, -17)]

targets: ((-7, -25), (21, -18))
Centre: (1.6861702127659575, -0.24468085106382986)
Radius: 26.23500293750371