[(9, -16), (-23, 23), (20, 9), (7, -14), (-21, 3), (24, 22)]

targets: ((9, -16), (20, 9))
Centre: (-146.54651162790708, 67.3604651162791)
Radius: 176.47573324401577