[(-15, 8), (-24, -12), (-1, -10), (-13, 6), (-22, 21), (-11, 5), (-1, -9), (13, -8), (-8, -21), (-1, -6), (-11, 21), (-19, 16), (-5, 5), (22, 20), (-11, 7), (-6, -24), (-3, -8), (-11, 2), (-7, -19), (20, -25), (16, 11), (-3, 24), (21, 11), (-16, 4), (18, -11), (9, -18), (4, -24)]

targets: ((20, -25), (22, 20))
Centre: (-0.5010090817356205, -1.5443995963673058)
Radius: 31.152151830400104