[(-11, -25), (19, 13), (-9, -13), (-13, -25), (11, 24), (-19, -23)]

targets: ((-11, -25), (19, 13))
Centre: (-12.0, 6.63157894736842)
Radius: 31.64738198814558