[(-24, -23), (15, -17), (7, 11), (-4, -20), (13, -7), (-9, -4), (12, -11), (10, -3), (-22, -8), (-8, -6), (12, -4), (11, -13), (-5, -20), (-20, 23), (-18, 1), (14, 10), (-15, -24), (-11, -21), (17, 10), (13, -16), (-22, 19), (18, 23), (1, 6)]

targets: ((-15, -24), (15, -17))
Centre: (-12.983870967741936, 35.145161290322584)
Radius: 59.17951402582643