[(-7, -18), (-14, 2), (-25, -19), (23, -7), (-1, 15), (6, -5), (-13, 5), (-13, -18), (-21, 4), (9, -11)]

targets: ((-25, -19), (-7, -18))
Centre: (-20.678571428571427, 65.71428571428567)
Radius: 84.82443603690852