[(9, -25), (-22, 0), (-9, -20), (-4, -4), (13, -6), (20, -4)]

targets: ((9, -25), (20, -4))
Centre: (-1.397408207343412, -6.172786177105831)
Radius: 21.5074423807925