[(-18, 9), (-6, 20), (7, 19), (-15, 19), (-22, 15), (13, -15), (3, 8), (19, -8), (-24, -20), (-24, -15), (-12, -3), (-10, -3), (20, 6), (21, -24), (10, -19), (15, -4), (-10, 22), (16, 13), (-3, 16), (13, 22), (-2, -22), (-9, 13), (-12, 2), (-24, 24), (-4, -8)]

targets: ((21, -24), (20, 6))
Centre: (-40.73711340206186, -11.041237113402062)
Radius: 63.082491285380556