[(23, 24), (22, -18), (-9, 8), (-24, -9), (2, 22), (-25, 7), (6, -17), (16, 6), (-8, -12), (-2, -14), (-1, 20), (-4, 21), (13, -2), (16, -7), (-20, 5), (-6, 3), (-10, -21), (-9, 9), (-14, 4), (-1, -9), (-13, -2), (9, -10), (-8, -7), (-21, -7), (15, 18)]

targets: ((-10, -21), (22, -18))
Centre: (3.352112676056338, 8.744131455399064)
Radius: 32.60356221258905