[(10, 4), (5, 6), (-19, 18), (-19, 12), (19, 21), (-18, -8), (2, -21), (-25, -2), (0, 10), (-11, -13), (-17, -12), (-15, 3), (-16, 0), (-14, 1), (-25, 8), (-6, 24), (5, 17), (3, -19), (22, -20), (-16, -11), (15, 23), (-11, 17), (12, 4), (0, -3), (-23, -25), (-2, -16), (6, -2)]

targets: ((-23, -25), (22, -20))
Centre: (-2.8655913978494625, -1.2096774193548363)
Radius: 31.166871165542247