[(-14, 6), (19, 16), (22, -2), (14, -5), (-4, 1), (-16, 7), (12, -4)]

targets: ((14, -5), (22, -2))
Centre: (7.935483870967742, 23.338709677419356)
Radius: 28.98035234534518